0.574353992939 1.4258646965
0.450558900833 -0.310245513916
0.995600759983 -0.426652222872
-0.00347765721381 0.996075749397
0.978814959526 1.79518949986
-1.71202290058 1.17974233627
1.32148241997 -1.54696202278
0.865334391594 0.0454668998718
0.508777499199 1.30588400364
0.866436898708 -0.275920003653
2.41613006592 1.04579126835
0.126814320683 0.411210238934
0.725564539433 1.09841108322
0.390134125948 0.781094074249
0.822801887989 2.30829024315
0.410277336836 1.40869748592
2.6593310833 -1.13152456284
0.595651328564 0.00210451404564
-0.865568876266 -0.224162384868
0.520814597607 0.313901245594
-1.20153272152 0.430376410484
0.603068172932 1.40508127213
-0.0822392106056 0.863508343697
-0.243849754333 0.549581348896
0.320297718048 -0.34932756424
-1.8181194067 -1.1954241991
0.056408829987 0.171683862805
0.62585413456 0.618228435516
-0.728297650814 1.28983938694
0.388019055128 0.881928741932
0.0227899327874 1.48110544682
-1.18502449989 1.42914319038
0.711076140404 2.08968305588
0.888239741325 2.34841918945
0.399025112391 0.581779897213
0.155254751444 0.918138563633
0.188374176621 1.06494414806
0.810566902161 2.30222678185
0.926891088486 2.01375246048
0.619509160519 -0.209029749036
1.35610878468 0.0230084434152
-0.0436445586383 2.09607052803
0.597394227982 1.31120896339
0.678608834743 1.50022566319
2.50337576866 0.575871944427
0.823669075966 -1.0778670311
0.698422849178 -0.0091802245006
0.204751223326 0.318795472383
0.489176869392 1.33533596992
0.736578524113 1.44497561455
